3 0.11275 0.5818505338078291 0.191 0.1797153024911032
6 0.2675 0.35209074733096085 0.104 0.17304270462633453
0 0.2785 0.17993772241992884 0.1 0.18905693950177935
8 0.382875 0.33429715302491103 0.08325 0.17660142348754448
10 0.36775 0.5716192170818506 0.1125 0.18238434163701067
7 0.60675 0.577846975088968 0.088 0.15569395017793594
1 0.627875 0.3527580071174377 0.09425 0.18238434163701067
2 0.7188749999999999 0.3603202846975089 0.09275 0.1699288256227758
8 0.74025 0.550711743772242 0.101 0.1494661921708185
9 0.8775 0.5529359430604982 0.1735 0.18861209964412812
6 0.8376250000000001 0.19194839857651247 0.11525 0.1952846975088968
