0 0.31875 0.848976868327402 0.0525 0.07784697508896797
1 0.37437499999999996 0.8552046263345195 0.04475 0.07695729537366548
2 0.434625 0.8476423487544484 0.04325 0.07250889679715303
4 0.48475 0.8641014234875445 0.0475 0.09119217081850534
3 0.549625 0.8527580071174377 0.04725 0.0898576512455516
2 0.6158750000000001 0.8371886120996441 0.04075 0.0711743772241993
1 0.672125 0.8483096085409252 0.04575 0.08540925266903915
0 0.74475 0.8494217081850534 0.054 0.07873665480427046
5 0.737375 0.7422153024911031 0.04075 0.06361209964412812
5 0.66575 0.7357651245551602 0.0365 0.06138790035587188
5 0.610125 0.729314946619217 0.03475 0.061832740213523134
5 0.5526249999999999 0.7279804270462633 0.03225 0.05827402135231317
5 0.492 0.734653024911032 0.034 0.06005338078291815
5 0.4345 0.734653024911032 0.034 0.059163701067615655
5 0.377625 0.7442170818505338 0.03725 0.06227758007117438
5 0.319125 0.7406583629893239 0.03775 0.059608540925266906
11 0.327 0.258229537366548 0.039 0.06983985765124555
11 0.38212500000000005 0.25622775800711745 0.03475 0.0711743772241993
11 0.44162500000000005 0.24177046263345195 0.03275 0.07072953736654804
11 0.491 0.2566725978647687 0.0335 0.07028469750889679
11 0.5465 0.25422597864768687 0.0325 0.06717081850533808
11 0.604875 0.2471085409252669 0.03275 0.06983985765124555
11 0.66275 0.23398576512455516 0.0325 0.0711743772241993
11 0.7144999999999999 0.24621886120996442 0.035 0.06895017793594306
6 0.71775 0.12744661921708184 0.0445 0.09741992882562278
6 0.325875 0.1590302491103203 0.04725 0.09564056939501779
7 0.38575 0.15346975088967973 0.0425 0.10231316725978648
7 0.66175 0.138567615658363 0.045 0.09741992882562278
8 0.5976250000000001 0.13790035587188612 0.03675 0.09430604982206406
8 0.438125 0.1318950177935943 0.03875 0.09830960854092527
10 0.4965 0.12833629893238435 0.0415 0.12055160142348754
9 0.549375 0.1276690391459075 0.04225 0.1290035587188612
