6 0.21937500000000001 0.6701512455516014 0.10175 0.18905693950177935
0 0.24275000000000002 0.5202402135231317 0.092 0.18282918149466193
8 0.32487499999999997 0.6801601423487544 0.08475 0.19395017793594305
11 0.3965 0.08251779359430605 0.042 0.13033807829181496
11 0.70775 0.16903914590747332 0.051 0.13790035587188612
5 0.534375 0.1737099644128114 0.04725 0.13834519572953738
5 0.608375 0.0938612099644128 0.04525 0.13167259786476868
3 0.467125 0.3329626334519573 0.07025 0.2949288256227758
10 0.555875 0.36232206405693945 0.07275 0.2611209964412811
9 0.541875 0.883229537366548 0.08225 0.1943950177935943
1 0.5601250000000001 0.6679270462633452 0.07875 0.20951957295373666
2 0.6478750000000001 0.6699288256227758 0.07875 0.199288256227758
8 0.675875 0.8558718861209964 0.08825 0.19306049822064056
9 0.803125 0.838523131672598 0.13875 0.2606761565836299
6 0.752875 0.5300266903914591 0.09275 0.18994661921708186
4 0.75325 0.35498220640569395 0.099 0.2615658362989324
