6 0.12775 0.6272241992882562 0.1465 0.23220640569395018
0 0.160375 0.4408362989323843 0.12725 0.22864768683274023
8 0.259625 0.6354537366548043 0.12025 0.24332740213523132
7 0.5405 0.8847864768683273 0.103 0.2304270462633452
8 0.714 0.8440836298932385 0.121 0.23443060498220641
1 0.5605 0.6020907473309609 0.0985 0.26023131672597866
2 0.6741250000000001 0.6014234875444839 0.10125 0.251779359430605
3 0.4385 0.1921708185053381 0.094 0.3834519572953737
10 0.552125 0.21641459074733094 0.08975 0.3447508896797153
4 0.798875 0.20062277580071175 0.13225 0.35498220640569395
6 0.8011250000000001 0.4212633451957295 0.12125 0.2402135231316726
