11 0.20975 0.8638790035587188 0.124 0.18327402135231316
11 0.85675 0.7404359430604982 0.123 0.20151245551601424
11 0.8016249999999999 0.36788256227758004 0.09425 0.20551601423487545
5 0.8677499999999999 0.15169039145907473 0.0935 0.20195729537366547
5 0.53475 0.5711743772241993 0.0815 0.20106761565836298
5 0.35987500000000006 0.8185053380782918 0.09925 0.1895017793594306
5 0.656625 0.6937277580071174 0.08925 0.20151245551601424
8 0.525625 0.8256227758007118 0.11075 0.24288256227758007
6 0.358875 0.5769572953736655 0.12125 0.251779359430605
7 0.381375 0.31561387900355875 0.10575 0.2780249110320285
2 0.37825 0.16614768683274023 0.092 0.2780249110320285
4 0.52 0.2608985765124555 0.1 0.37855871886120995
