11 0.167375 0.6358985765124554 0.08075 0.10097864768683273
11 0.26887500000000003 0.6361209964412811 0.07275 0.10409252669039146
11 0.38187499999999996 0.6127669039145908 0.05875 0.10364768683274021
11 0.47325 0.6441281138790036 0.0575 0.10231316725978648
11 0.57325 0.6441281138790036 0.0585 0.10320284697508897
11 0.679875 0.630338078291815 0.06475 0.10320284697508897
11 0.78825 0.6105427046263345 0.0765 0.10631672597864769
11 0.881375 0.6316725978647687 0.08725 0.10142348754448399
6 0.8817499999999999 0.41014234875444844 0.1015 0.152135231316726
6 0.171125 0.451067615658363 0.10325 0.152135231316726
7 0.28049999999999997 0.44217081850533807 0.0875 0.15747330960854092
7 0.784625 0.43416370106761565 0.10225 0.14679715302491103
8 0.666125 0.43927935943060503 0.07425 0.15080071174377224
8 0.37562500000000004 0.4119217081850534 0.07425 0.14768683274021352
10 0.4815 0.40880782918149466 0.075 0.18772241992882563
9 0.577875 0.41725978647686834 0.07575 0.1903914590747331
