11 0.1005 0.5124555160142349 0.1005 0.13523131672597866
11 0.243125 0.37032918149466193 0.08025 0.1445729537366548
11 0.33325 0.5553825622775801 0.076 0.1338967971530249
11 0.4425 0.3665480427046263 0.062 0.15035587188612098
11 0.57075 0.5422597864768683 0.067 0.13612099644128114
11 0.6705 0.3520907473309609 0.068 0.15080071174377224
11 0.808125 0.5342526690391459 0.09025 0.13790035587188612
11 0.9091250000000001 0.37722419928825623 0.09925 0.148576512455516
5 0.912875 0.5685053380782917 0.10475 0.13612099644128114
5 0.7931250000000001 0.3354092526690392 0.08475 0.15302491103202848
5 0.6735 0.541814946619217 0.073 0.13701067615658363
5 0.575 0.364991103202847 0.0645 0.15080071174377224
5 0.4385 0.5638345195729537 0.066 0.1356761565836299
5 0.36312500000000003 0.32006227758007116 0.06925 0.15169039145907473
5 0.20725 0.577846975088968 0.0905 0.1307829181494662
5 0.118 0.3592081850533808 0.0945 0.14279359430604982
