6 0.32425 0.6501334519572953 0.0615 0.09564056939501779
0 0.33125 0.5362544483985765 0.0585 0.10008896797153025
8 0.3955 0.6661476868327402 0.053 0.08852313167259787
11 0.422125 0.10520462633451957 0.03675 0.09297153024911033
5 0.537125 0.21174377224199287 0.03775 0.09430604982206406
5 0.598875 0.1229982206405694 0.03875 0.09919928825622776
11 0.676125 0.2070729537366548 0.03875 0.09208185053380782
3 0.48525 0.4081405693950178 0.051 0.14190391459074733
10 0.551 0.4228202846975089 0.0525 0.1356761565836299
4 0.6940000000000001 0.42059608540925264 0.068 0.13656583629893237
6 0.68475 0.5495996441281139 0.0585 0.10275800711743772
2 0.6086250000000001 0.6614768683274022 0.05075 0.0898576512455516
1 0.549875 0.6585854092526691 0.05075 0.09119217081850534
7 0.536625 0.7995996441281139 0.05075 0.09030249110320285
8 0.6205 0.7806939501779359 0.0535 0.09252669039145907
9 0.69425 0.7898131672597865 0.072 0.10275800711743772
