1 0.28812499999999996 0.6648131672597865 0.09925 0.14101423487544484
4 0.39675 0.27557829181494664 0.0875 0.2130782918149466
6 0.40199999999999997 0.46997330960854095 0.076 0.15791814946619218
8 0.370125 0.8669928825622776 0.07775 0.13345195729537365
3 0.500375 0.6590302491103203 0.07775 0.17304270462633453
1 0.6045 0.8525355871886121 0.0825 0.13122775800711745
10 0.814625 0.6330071174377224 0.13225 0.17437722419928825
0 0.69075 0.4915480427046263 0.0835 0.1592526690391459
9 0.690625 0.28002669039145905 0.09525 0.24332740213523132
2 0.7946249999999999 0.16169928825622776 0.08625 0.18638790035587188
