5 0.31174999999999997 0.9261565836298933 0.0585 0.09875444839857651
11 0.22612500000000002 0.6125444839857651 0.06075 0.09697508896797152
1 0.3305 0.47442170818505336 0.069 0.13211743772241993
8 0.395125 0.6305604982206406 0.05775 0.1152135231316726
6 0.4195 0.3334074733096085 0.0555 0.13656583629893237
4 0.416875 0.18327402135231316 0.05975 0.18327402135231316
3 0.495375 0.4626334519572953 0.06025 0.17259786476868327
7 0.5765 0.6203291814946619 0.064 0.11610320284697509
8 0.58775 0.9270462633451957 0.064 0.11565836298932385
1 0.6527499999999999 0.7820284697508897 0.075 0.10498220640569395
6 0.7392500000000001 0.7891459074733096 0.082 0.11476868327402136
0 0.739 0.6187722419928825 0.0785 0.12455516014234876
5 0.81225 0.5084519572953736 0.065 0.09786476868327403
10 0.735125 0.45084519572953735 0.08975 0.1632562277580071
0 0.6448750000000001 0.3545373665480427 0.06075 0.13790035587188612
7 0.50225 0.09830960854092527 0.0505 0.15747330960854092
2 0.55425 0.12878113879003558 0.0495 0.1543594306049822
9 0.64375 0.19105871886120995 0.07 0.21218861209964412
2 0.7246250000000001 0.11209964412811388 0.06075 0.15569395017793594
11 0.79125 0.23976868327402134 0.0545 0.1094306049822064
