5 0.1845 0.546040925266904 0.085 0.10720640569395018
5 0.292125 0.550711743772242 0.07425 0.10854092526690391
5 0.396 0.5302491103202848 0.064 0.1103202846975089
5 0.499 0.530693950177936 0.061 0.10676156583629894
5 0.60575 0.5197953736654805 0.063 0.10809608540925267
5 0.71175 0.5213523131672598 0.072 0.10676156583629894
5 0.815125 0.5342526690391459 0.08375 0.1094306049822064
5 0.9427500000000001 0.5447064056939502 0.102 0.1045373665480427
0 0.946875 0.7270907473309608 0.10625 0.13211743772241993
0 0.181625 0.7324288256227759 0.10825 0.1356761565836299
1 0.279625 0.7433274021352313 0.09875 0.13345195729537365
1 0.834125 0.7290925266903914 0.11375 0.14056939501779359
2 0.723 0.7110765124555161 0.093 0.13122775800711745
2 0.3945 0.7330960854092528 0.0785 0.12722419928825623
4 0.488 0.7593416370106761 0.083 0.1583629893238434
3 0.6078749999999999 0.7379893238434163 0.09225 0.15480427046263345
