0 0.16475 0.8665480427046263 0.129 0.1797153024911032
1 0.210125 0.4470640569395018 0.11325 0.2001779359430605
0 0.15475 0.15458185053380782 0.0975 0.19350533807829182
11 0.357875 0.15969750889679715 0.05525 0.15658362989323843
7 0.437625 0.2940391459074733 0.07675 0.22330960854092527
5 0.5365 0.3165035587188612 0.06 0.1534697508896797
5 0.627625 0.1903914590747331 0.05875 0.15391459074733096
11 0.755125 0.31717081850533807 0.07275 0.152135231316726
11 0.543875 0.6576957295373665 0.06675 0.14991103202846975
5 0.428375 0.7108540925266903 0.07025 0.14768683274021352
4 0.82075 0.6463523131672598 0.1515 0.23843416370106763
6 0.8147500000000001 0.8861209964412812 0.13 0.17882562277580072
